(0,0) (33,18,109)
(0,1) (33,18,109)
(0,2) (33,21,109)
(0,3) (33,21,112)
(0,4) (33,25,112)
(0,5) (33,32,112)
(1,0) (33,18,109)
(1,1) (35,18,109)
(1,2) (35,21,109)
(1,3) (38,21,112)
(1,4) (33,18,109)
(1,5) (33,18,109)
(2,0) (35,18,109)
(2,1) (33,21,109)
(2,2) (33,21,112)
(2,3) (33,25,112)
(2,4) (33,32,112)
(2,5) (33,18,109)
(3,0) (35,18,109)
(3,1) (33,21,109)
(3,2) (33,21,112)
(3,3) (33,25,112)
(3,4) (33,32,112)
(3,5) (33,18,109)
(4,0) (35,18,109)
(4,1) (33,21,109)
(4,2) (33,21,112)
(4,3) (33,25,112)
(4,4) (33,32,112)
(4,5) (33,18,109)
(5,0) (35,18,109)
(5,1) (33,21,109)
(5,2) (33,21,112)
(5,3) (33,25,112)
(5,4) (33,32,112)
(5,5) (33,18,109)
(6,0) (35,18,109)
(6,1) (33,21,109)
(6,2) (33,21,112)
(6,3) (33,25,112)
(6,4) (33,32,112)
(6,5) (33,18,109)
(7,0) (35,18,109)
(7,1) (33,21,109)
(7,2) (33,21,112)
(7,3) (33,25,112)
(7,4) (33,32,112)
(7,5) (33,18,109)
(8,0) (35,18,109)
(8,1) (33,21,109)
(8,2) (33,21,112)
(8,3) (33,25,112)
(8,4) (33,32,112)
(8,5) (33,18,109)
(7,0) (35,18,109)
(9,1) (33,21,109)
(9,2) (33,21,112)
(9,3) (33,25,112)
(9,4) (33,32,112)
(9,5) (33,18,109)
(10,0) (35,18,109)
(10,1) (33,21,109)
(10,2) (33,21,112)
(10,3) (33,25,112)
(10,4) (33,32,112)
(10,5) (33,18,109)